[start]
st_pin = 10
[i2c]
voice_synth_addr = 0x2e
imu_addr = 0x00
[camera];フルHD(1920*1080),HD(1280*720),SD(720*480)
height = 1080
weight = 1920
[motor]
right_pwm = 13
right_phase = 11
left_pwm = 26
left_phase = 19
duty = 50
base_duty = 50
[goal];仮データ
lat = 30.374200
lon = 130.960180
